1
9 9 0
9 8 1
10 8 0
11 7 1
8 8 0
11 9 1
8 9 0
8 7 1
10 10 0
11 11 1
11 10 0
12 10 1
10 9 0
10 11 1
7 7 0
6 6 1
9 10 0
8 10 1
7 9 0
6 9 1
6 10 0
9 7 1
11 8 0
8 11 1
9 11 0
7 6 1
9 12 0
9 13 1
12 7 0
13 6 1
10 12 0
5 6 1
5 11 0
4 12 1
4 6 0
8 12 1
6 5 0
10 14 1
7 11 0
7 8 1
9 6 0
5 10 1
4 11 0
10 7 1
12 11 0
11 12 1
12 8 0
13 8 1
5 5 0
8 13 1
8 14 0
6 11 1
7 12 0
7 13 1
10 13 0
7 5 1
5 7 0
13 7 1
13 9 0
13 5 1
13 4 0
6 13 1
5 13 0
3 7 1
3 5 0
6 8 1
4 5 0
2 5 1
4 4 0
4 7 1
2 4 0
1 3 1
3 6 0
5 4 1
5 3 0
2 6 1
4 3 0
4 2 1
3 3 0
2 3 1
3 4 0
3 2 1
2 2 0
1 1 1
6 3 0
7 3 1
6 2 0
7 1 1
7 4 0
12 6 1
5 2 0
8 5 1
4 8 0
11 5 1
14 8 0
12 5 1
6 4 0
6 1 1
14 5 0
11 6 1
11 4 0
14 6 1
12 4 0
15 6 1
