1
9 9 0
9 8 1
10 8 0
11 7 1
11 9 0
10 7 1
9 7 0
8 6 1
8 9 0
10 9 1
8 8 0
8 7 1
7 6 0
7 7 1
7 9 0
6 10 1
6 8 0
8 10 1
11 10 0
11 8 1
9 10 0
9 6 1
8 5 0
7 8 1
6 9 0
5 9 1
10 10 0
12 9 1
13 10 0
12 10 1
6 7 0
10 5 1
11 4 0
9 4 1
12 8 0
9 11 1
5 8 0
4 9 1
4 7 0
7 10 1
11 11 0
12 12 1
11 12 0
11 13 1
12 11 0
10 13 1
10 6 0
11 5 1
13 11 0
14 11 1
12 13 0
10 11 1
14 9 0
15 8 1
13 7 0
14 6 1
13 12 0
13 13 1
14 13 0
15 14 1
11 6 0
10 12 1
12 14 0
5 10 1
4 10 0
6 11 1
3 6 0
2 5 1
11 14 0
3 8 1
13 14 0
2 7 1
